5.67677e-05 18 2 0.7010102 1.454546
5.828285e-05 1 5 0.3191917 0.646464
6.737375e-05 16 10 0.7858586 1.939394
7.848485e-05 9 2 0.4818185 0.949494
7.949495e-05 17 8 0.3262624 1.131314
3.10101e-05 15 2 0.1919191 0.282828
6.030305e-05 20 9 0.3757573 0.1818182
3.80808e-05 17 3 0.7363637 0.222222
5.12121e-05 9 8 0.729293 1.636364
6.18182e-05 9 7 0.8 1.232324
5.42424e-05 5 6 0.6373739 0.343434
4.868685e-05 15 9 0.2979796 1.434344
6.08081e-05 2 4 0.2484847 1.373738
6.838385e-05 19 2 0.5313134 0.30303
7.69697e-05 19 9 0.4393936 1.333334
7.444445e-05 3 8 0.5949497 0.1010102
3.20202e-05 8 6 0.2767675 0.040404
4.767675e-05 4 10 0.4888892 1.252526
5.474745e-05 19 3 0.149495 1.171718
4.61616e-05 15 8 0.6727274 1.858586
3.656565e-05 9 4 0.5383841 0.80808
5.373735e-05 13 5 0.3474745 1.49495
8e-05 15 3 0.3898987 0.525252
6.88889e-05 8 3 0.6444446 1.39394
7.39394e-05 20 3 0.2696968 0.989898
3.70707e-05 7 8 0.2131312 1.272728
5.0202e-05 13 6 0.7717172 0.1212122
4.31313e-05 10 7 0.3969694 1.919192
7.49495e-05 16 6 0.517172 0.585858
6.434345e-05 18 7 0.4747478 1.757576
6.636365e-05 1 8 0.1848484 1.515152
4.060605e-05 6 5 0.7929293 0.969696
5.070705e-05 18 10 0.241414 0.424242
3.252526e-05 19 5 0.7575758 1.79798
4.21212e-05 16 4 0.6090911 1.212122
3.404041e-05 10 9 0.6656567 0.1616162
6.535355e-05 16 3 0.3545452 0.888888
6.333335e-05 3 6 0.7222223 1.070708
7.545455e-05 7 4 0.4040401 1.59596
7.242425e-05 9 10 0.312121 0.262626
6.9899e-05 10 5 0.2060605 1.676768
5.77778e-05 11 10 0.6161618 0.90909
5.272725e-05 7 4 0.4464643 1.979798
7.646465e-05 4 7 0.7646465 0.686868
4.71717e-05 7 2 0.3404038 0.383838
7.141415e-05 17 5 0.5666669 0
6.48485e-05 10 9 0.1212121 0.464646
6.58586e-05 7 5 0.6797981 1.151516
7.040405e-05 1 6 0.4323229 0.444444
7.09091e-05 13 2 0.7434344 1.29293
3.90909e-05 8 10 0.1565657 0.70707
3.959595e-05 20 6 0.4676771 1.555556
4.41414e-05 14 7 0.2202019 0.848484
4.51515e-05 11 3 0.7787879 1.535354
3.858585e-05 4 7 0.3333331 2
6.28283e-05 14 10 0.5595962 1.616162
3.353536e-05 17 5 0.1353536 1.313132
5.727275e-05 14 8 0.4535357 0.020202
5.22222e-05 10 2 0.2838382 1.09091
4.0101e-05 11 7 0.6939395 0.323232
3.757575e-05 12 2 0.587879 1.737374
3.454546e-05 14 8 0.4959599 0.40404
4.666665e-05 18 6 0.1777777 0.929292
4.464645e-05 5 9 0.5454548 1.111112
7.59596e-05 11 3 0.2343433 1.838384
6.78788e-05 5 8 0.2909089 0.787878
7.747475e-05 2 7 0.1424243 0.20202
5.929295e-05 3 2 0.658586 1.575758
6.939395e-05 15 7 0.1070707 1.030304
4.363635e-05 20 4 0.7151516 0.484848
4.565655e-05 3 5 0.4252522 0.242424
3.50505e-05 5 6 0.382828 1.414142
6.68687e-05 11 5 0.5030306 0.080808
5.9798e-05 8 6 0.1282828 1.878788
7.29293e-05 14 4 0.6868688 0.727272
3.60606e-05 1 9 0.6303032 1.010102
4.11111e-05 13 9 0.2555554 0.60606
3e-05 6 9 0.5101013 1.474748
5.626265e-05 8 7 0.5525255 0.50505
7.343435e-05 12 8 0.3616159 1.19192
6.38384e-05 6 4 0.2272726 0.1414142
5.525255e-05 2 9 0.7505051 0.828282
6.232325e-05 17 2 0.4111108 0.747474
7.79798e-05 13 6 0.6232325 1.959596
3.555555e-05 18 4 0.3050503 1.89899
3.303031e-05 2 3 0.4606064 0.666666
4.161615e-05 2 10 0.3686866 1.69697
4.91919e-05 19 8 0.6515153 0.626262
6.131315e-05 6 3 0.6020204 0.565656
5.57576e-05 16 6 0.2626261 1.656566
4.81818e-05 12 5 0.1 0.767676
5.87879e-05 12 4 0.170707 0.363636
7.19192e-05 4 9 0.1636364 1.777778
4.969695e-05 1 3 0.5242427 1.818182
7.89899e-05 6 10 0.7080809 1.717172
3.050505e-05 4 4 0.5737376 0.868686
3.151515e-05 12 10 0.4181815 1.050506
4.262625e-05 5 2 0.1141414 0.060606
5.171715e-05 20 7 0.5808083 1.353536
5.32323e-05 3 10 0.1989898 0.545454
